columns	1	2	3	4	5	6	7
A	4.352459289084634E-5	0.9986295562962999	3.768149747390081E-5	3.768149747390081E-5	4.352459289084634E-5	3.768149747390081E-5	0.002883060780819398	2.4528791813583956E-4
C	1.189557054552411E-6	3.062098170384837E-6	5.053857367493374E-8	5.053857367493374E-8	1.189557054552411E-6	5.053857367493374E-8	1.458131218528478E-4	7.665131906655933E-7
D	1.581328854526335E-5	1.5194734734572464E-5	1.2448373410776173E-7	1.2448373410776173E-7	1.581328854526335E-5	1.2448373410776173E-7	0.001706461833541334	1.604678353194961E-6
E	1.472015392215272E-5	2.9386585645186375E-5	3.314595516547773E-7	3.314595516547773E-7	1.472015392215272E-5	3.314595516547773E-7	0.010015147232295001	1.1753342330511203E-6
F	2.349789797330388E-8	4.144756408799594E-7	1.3382079868849167E-7	1.3382079868849167E-7	2.349789797330388E-8	1.3382079868849167E-7	1.2438025812050018E-4	1.490359314951912E-7
G	0.9998503517273726	9.450246116975811E-5	4.894907334347532E-7	4.894907334347532E-7	0.9998503517273726	4.894907334347532E-7	0.002168983949472682	1.4258750012981844E-6
H	2.0067970705401295E-7	5.829088270768454E-7	3.856563844492211E-6	3.856563844492211E-6	2.0067970705401295E-7	3.856563844492211E-6	0.001340572344480535	8.769322135708578E-7
I	4.31962002262151E-8	4.395907714818105E-6	8.847300668416522E-8	8.847300668416522E-8	4.31962002262151E-8	8.847300668416522E-8	0.001081553156181138	5.203570105577146E-5
K	9.302855556843886E-7	3.834832871084785E-6	4.10261771963072E-7	4.10261771963072E-7	9.302855556843886E-7	4.10261771963072E-7	0.9145627050813977	8.740442829619912E-6
L	9.906736643669017E-8	4.2637572312706144E-6	1.3214389506523036E-5	1.3214389506523036E-5	9.906736643669017E-8	1.3214389506523036E-5	0.0014080296942360346	1.2409107898964905E-6
M	8.312333025640942E-8	2.5231486934349696E-6	9.828349668927218E-8	9.828349668927218E-8	8.312333025640942E-8	9.828349668927218E-8	0.0013798941961763616	1.6052831121862306E-5
N	5.002718095127679E-6	6.938829370971946E-6	1.330468690212714E-7	1.330468690212714E-7	5.002718095127679E-6	1.330468690212714E-7	0.009838074500813818	3.646938890777349E-5
P	4.848182633408178E-7	8.114348625506602E-5	0.99984881352294	0.99984881352294	4.848182633408178E-7	0.99984881352294	0.001181719473463888	1.1415130582398598E-5
Q	4.724117375430852E-7	5.649881382766082E-6	1.3522102166187379E-5	1.3522102166187379E-5	4.724117375430852E-7	1.3522102166187379E-5	0.011415434398910334	1.8476811340725537E-6
R	1.76466052904827E-5	6.485729459569988E-6	3.3871809133464154E-6	3.3871809133464154E-6	1.76466052904827E-5	3.3871809133464154E-6	0.03071595968789633	3.5225263102421465E-6
S	4.440512298488033E-5	4.0580126633972486E-4	6.640939029698319E-5	6.640939029698319E-5	4.440512298488033E-5	6.640939029698319E-5	0.0033413256453248843	2.3517534411329156E-4
T	1.3277218013214575E-6	4.8291135925542504E-4	1.0734343521208418E-5	1.0734343521208418E-5	1.3277218013214575E-6	1.0734343521208418E-5	0.005323827785704311	0.9993675550147321
V	2.839739702876286E-6	2.2298195438910784E-4	4.4734294288782527E-7	4.4734294288782527E-7	2.839739702876286E-6	4.4734294288782527E-7	8.974720693191112E-4	1.4415177119089428E-5
W	8.206638449531761E-7	5.483570047706935E-8	1.0503767787684422E-8	1.0503767787684422E-8	8.206638449531761E-7	1.0503767787684422E-8	1.548737777001598E-4	1.702534245576188E-8
Y	2.1028436713550294E-8	3.154508486165876E-7	6.330409083579423E-8	6.330409083579423E-8	2.1028436713550294E-8	6.330409083579423E-8	3.1471101229356603E-4	2.2653890224847376E-7
-	NA	NA	NA	NA	NA	NA	NA	NA
